image: map.pgm
resolution: 0.100000
origin: [-7.900000, -7.500000, 0.00000]
negate: 0
occupied_thresh: 0.65
free_thresh: 0.196

